1  3000.0 0.0 
1  3080.0 0.0 
1  3160.0 0.0 
1  3240.0 0.0 
1  3320.0 0.0 
1  3400.0 0.0 
1  3480.0 0.00015 
1  3560.0 0.01535 
1  3640.0 0.09965 
1  3720.0 0.2372 
1  3800.0 0.3696 
1  3880.0 0.47405 
1  3960.0 0.55 
1  4040.0 0.60205 
1  4120.0 0.6376 
1  4200.0 0.66335 
1  4280.0 0.67475 
1  4360.0 0.67645 
1  4440.0 0.6711 
1  4520.0 0.6477 
1  4600.0 0.6123 
1  4680.0 0.5421 
1  4760.0 0.43565 
1  4840.0 0.3188 
1  4920.0 0.21555 
1  5000.0 0.14785 
1  5080.0 0.0853 
1  5160.0 0.04525 
1  5240.0 0.0203 
1  5320.0 0.0091 
1  5400.0 0.00625 
1  5480.0 0.0073 
1  5560.0 0.01155 
1  5640.0 0.0113 
1  5720.0 0.00575 
1  5800.0 0.00145 
1  5880.0 0.0003 
1  5960.0 0.00015 
1  6040.0 0.00015 
1  6120.0 0.0001 
1  6200.0 5e-05 
1  6280.0 0.0 

