1  1340.0 0.0000000000 
1  1350.0 0.1153999996 
1  1360.0 0.1459599972 
1  1370.0 0.1765200043 
1  1380.0 0.1777400017 
1  1390.0 0.1496199989 
1  1400.0 0.1214999962 
1  1410.0 0.1739399910 
1  1420.0 0.2263800049 
1  1430.0 0.2704199982 
1  1440.0 0.3060600090 
1  1450.0 0.3416999817 
1  1460.0 0.3541400146 
1  1470.0 0.3665800095 
1  1480.0 0.3680599976 
1  1490.0 0.3585800171 
1  1500.0 0.3490999985 
1  1510.0 0.3479800034 
1  1520.0 0.3468600082 
1  1530.0 0.3294200134 
1  1540.0 0.2956599998 
1  1550.0 0.2619000053 
1  1560.0 0.2608670044 
1  1570.0 0.2598329926 
1  1580.0 0.2587999916 
1  1590.0 0.2577669907 
1  1600.0 0.2567329979 
1  1610.0 0.2556999969 
1  1620.0 0.2315999985 
1  1630.0 0.2075000000 
1  1640.0 0.1834000015 
1  1650.0 0.1593000031 
1  1660.0 0.1518400002 
1  1670.0 0.1443799973 
1  1680.0 0.1369200039 
1  1690.0 0.1294600010 
1  1700.0 0.1219999981 
1  1710.0 0.1186999989 
1  1720.0 0.1153999996 
1  1730.0 0.1121000004 
1  1740.0 0.1088000011 
1  1750.0 0.1055000019 
1  1760.0 0.0864599991 
1  1770.0 0.0674200010 
1  1780.0 0.0483799982 
1  1790.0 0.0293400002 
1  1800.0 0.0102999997 
1  1810.0 0.0000000000 
