1  5000.0 0.0 
1  5300.0 0.0 
1  5600.0 0.0 
1  5900.0 0.0 
1  6200.0 0.0 
1  6500.0 0.0 
1  6800.0 0.0 
1  7100.0 0.0 
1  7400.0 0.0 
1  7700.0 0.0 
1  8000.0 0.0 
1  8300.0 0.0 
1  8600.0 0.0 
1  8900.0 0.0 
1  9200.0 0.0 
1  9500.0 0.0 
1  9800.0 0.0 
1  10100.0 0.0 
1  10400.0 0.0 
1  10700.0 0.0 
1  11000.0 0.0 
1  11300.0 0.0 
1  11600.0 0.0 
1  11900.0 0.0 
1  12200.0 0.0 
1  12500.0 0.0 
1  12800.0 0.0 
1  13100.0 0.0 
1  13400.0 0.0 
1  13700.0 0.0 
1  14000.0 2.365684e-06 
1  14300.0 0.0002299311 
1  14600.0 0.001590464 
1  14900.0 0.0351842 
1  15200.0 0.2583594 
1  15500.0 0.4084896 
1  15800.0 0.400678 
1  16100.0 0.4024723 
1  16400.0 0.3995661 
1  16700.0 0.4167029 
1  17000.0 0.4091604 
1  17300.0 0.3970846 
1  17600.0 0.3538941 
1  17900.0 0.1822483 
1  18200.0 0.01879413 
1  18500.0 0.001864068 
1  18800.0 0.0005475115 
1  19100.0 2.167234e-05 
1  19400.0 0.0 
1  19700.0 0.0 
1  20000.0 0.0 
1  20300.0 0.0 
1  20600.0 0.0 
1  20900.0 0.0 
1  21200.0 0.0 
1  21500.0 0.0 
1  21800.0 0.0 
1  22100.0 0.0 
1  22400.0 0.0 
1  22700.0 0.0 
1  23000.0 0.0 
1  23300.0 0.0 
1  23600.0 0.0 
1  23900.0 0.0 
1  24200.0 0.0 
1  24500.0 0.0 
1  24800.0 0.0 
1  25100.0 0.0 
1  25400.0 0.0 
1  25700.0 0.0 
