1 6892.28209579  3.10923472585e-161 
1 6897.28209579  1.02302514368e-143 
1 6902.28209579  1.12328319561e-127 
1 6907.28209579  5.0104152822e-113 
1 6912.28209579  1.09876887789e-99 
1 6917.28209579  1.4253092523e-87 
1 6922.28209579  1.30815515265e-76 
1 6927.28209579  1.0101581685e-66 
1 6932.28209579  7.7586713602e-58 
1 6937.28209579  6.9662069459e-50 
1 6942.28209579  8.54308875737e-43 
1 6947.28209579  1.66225173095e-36 
1 6952.28209579  5.92585611058e-31 
1 6957.28209579  4.44367462959e-26 
1 6962.28209579  7.99999948825e-22 
1 6967.28209579  3.9234601387e-18 
1 6972.28209579  5.91303480061e-15 
1 6977.28209579  3.07113680557e-12 
1 6982.28209579  6.12881293934e-10 
1 6987.28209579  5.20880728111e-08 
1 6992.28209579  2.07747823317e-06 
1 6997.28209579  4.25968809375e-05 
1 7002.28209579  0.000489017503691 
1 7007.28209579  0.00340324928787 
1 7012.28209579  0.0154546312352 
1 7017.28209579  0.0490057608583 
1 7022.28209579  0.115436357799 
1 7027.28209579  0.213640592942 
1 7032.28209579  0.326636421857 
1 7037.28209579  0.431255276491 
1 7042.28209579  0.510972843167 
1 7047.28209579  0.561325426306 
1 7052.28209579  0.587219309386 
1 7057.28209579  0.597344931756 
1 7062.28209579  0.599811946386 
1 7067.28209579  0.599999997467 
1 7072.28209579  0.599887810189 
1 7077.28209579  0.597947734606 
1 7082.28209579  0.589220523331 
1 7087.28209579  0.565869541791 
1 7092.28209579  0.519082334271 
1 7097.28209579  0.443149871785 
1 7102.28209579  0.341057600531 
1 7107.28209579  0.227872094628 
1 7112.28209579  0.126537646503 
1 7117.28209579  0.0555837381804 
1 7122.28209579  0.0182753052439 
1 7127.28209579  0.00423072915707 
1 7132.28209579  0.000644910747529 
1 7137.28209579  6.01829164534e-05 
1 7142.28209579  3.17794803879e-06 
1 7147.28209579  8.725419778e-08 
1 7152.28209579  1.13792379268e-09 
1 7157.28209579  6.40182763266e-12 
1 7162.28209579  1.40278357368e-14 
1 7167.28209579  1.07463384658e-17 
1 7172.28209579  2.56836098383e-21 
1 7177.28209579  1.69892881317e-25 
1 7182.28209579  2.74328568945e-30 
1 7187.28209579  9.48095547508e-36 
1 7192.28209579  6.11339094928e-42 
1 7197.28209579  6.37353407844e-49 
1 7202.28209579  9.25594844577e-57 
1 7207.28209579  1.60373907828e-65 
1 7212.28209579  2.82295314805e-75 
