1  7000.0 0.0 
1  7020.2 0.0125238 
1  7040.47 0.0250891 
1  7060.78 0.0402736 
1  7081.16 0.0577998 
1  7101.6 0.0766832 
1  7122.1 0.111125 
1  7142.65 0.145653 
1  7163.27 0.199392 
1  7183.94 0.263899 
1  7204.67 0.325215 
1  7225.47 0.375123 
1  7246.32 0.425165 
1  7267.23 0.486736 
1  7288.21 0.55092 
1  7309.25 0.611962 
1  7330.34 0.668912 
1  7351.5 0.724572 
1  7372.71 0.761068 
1  7393.99 0.797662 
1  7415.33 0.827015 
1  7436.73 0.853545 
1  7458.2 0.878034 
1  7479.73 0.899131 
1  7501.31 0.919498 
1  7522.96 0.927725 
1  7544.67 0.935976 
1  7566.45 0.942276 
1  7588.29 0.947955 
1  7610.19 0.954667 
1  7632.15 0.962573 
1  7654.18 0.969919 
1  7676.27 0.974778 
1  7698.42 0.979653 
1  7720.65 0.981652 
1  7742.92 0.983434 
1  7765.27 0.98736 
1  7787.68 0.99229 
1  7810.16 0.995813 
1  7832.7 0.997616 
1  7855.31 0.999106 
1  7877.98 0.99956 
1  7900.72 0.999943 
1  7923.52 0.998118 
1  7946.39 0.996289 
1  7969.32 0.995227 
1  7992.32 0.994307 
1  8015.39 0.99123 
1  8038.52 0.987066 
1  8061.72 0.982422 
1  8084.99 0.977302 
1  8108.32 0.972502 
1  8131.73 0.968289 
1  8155.19 0.964169 
1  8178.73 0.960402 
1  8202.34 0.955925 
1  8226.01 0.945035 
1  8249.75 0.934115 
1  8273.56 0.924103 
1  8297.44 0.914075 
1  8321.38 0.898458 
1  8345.4 0.882126 
1  8369.49 0.875102 
1  8393.65 0.870271 
1  8417.87 0.837909 
1  8442.17 0.795633 
1  8466.53 0.733729 
1  8490.97 0.662371 
1  8515.47 0.581543 
1  8540.05 0.495025 
1  8564.7 0.401501 
1  8589.41 0.303132 
1  8614.21 0.219802 
1  8639.06 0.147713 
1  8664.0 0.0963945 
1  8689.01 0.0613918 
1  8714.08 0.0361405 
1  8739.23 0.018538 
1  8764.46 0.0092648 
1  8789.75 0.00622977 
1  8815.12 0.00439512 
1  8840.56 0.00337758 
1  8866.08 0.00203537 
1  8891.67 0.00049998 
