1  5000.0 0.0 
1  5300.0 0.0 
1  5600.0 0.0 
1  5900.0 0.0 
1  6200.0 0.0 
1  6500.0 0.0 
1  6800.0 0.0 
1  7100.0 0.0 
1  7400.0 0.0 
1  7700.0 0.0 
1  8000.0 0.0 
1  8300.0 0.0 
1  8600.0 0.0 
1  8900.0 0.0 
1  9200.0 0.0 
1  9500.0 0.0 
1  9800.0 0.0 
1  10100.0 0.0 
1  10400.0 0.0 
1  10700.0 0.0 
1  11000.0 0.1164583 
1  11300.0 0.2676795 
1  11600.0 0.2567523 
1  11900.0 0.3663515 
1  12200.0 0.2983745 
1  12500.0 0.3776281 
1  12800.0 0.2490636 
1  13100.0 0.32969 
1  13400.0 0.367487 
1  13700.0 0.3070289 
1  14000.0 0.2214892 
1  14300.0 0.0002686992 
1  14600.0 0.0 
1  14900.0 0.0 
1  15200.0 0.0 
1  15500.0 0.0 
1  15800.0 0.0 
1  16100.0 0.0 
1  16400.0 0.0 
1  16700.0 0.0 
1  17000.0 0.0 
1  17300.0 0.0 
1  17600.0 0.0 
1  17900.0 0.0 
1  18200.0 0.0 
1  18500.0 0.0 
1  18800.0 0.0 
1  19100.0 0.0 
1  19400.0 0.0 
1  19700.0 0.0 
1  20000.0 0.0 
1  20300.0 0.0 
1  20600.0 0.0 
1  20900.0 0.0 
1  21200.0 0.0 
1  21500.0 0.0 
1  21800.0 0.0 
1  22100.0 0.0 
1  22400.0 0.0 
1  22700.0 0.0 
1  23000.0 0.0 
1  23300.0 0.0 
1  23600.0 0.0 
1  23900.0 0.0 
1  24200.0 0.0 
1  24500.0 0.0 
1  24800.0 0.0 
1  25100.0 0.0 
1  25400.0 0.0 
1  25700.0 0.0 
