1  1690.0 0.0000000000 
1  1710.0 0.0262599993 
1  1730.0 0.0297799993 
1  1750.0 0.0332999992 
1  1770.0 0.0607399988 
1  1790.0 0.0881799984 
1  1810.0 0.1167000008 
1  1830.0 0.1463000011 
1  1850.0 0.1759000015 
1  1870.0 0.2122999954 
1  1890.0 0.2487000084 
1  1910.0 0.2802599907 
1  1930.0 0.3069799995 
1  1950.0 0.3336999893 
1  1970.0 0.3799399948 
1  1990.0 0.4261800003 
1  2010.0 0.4536600113 
1  2030.0 0.4623799896 
1  2050.0 0.4711000061 
1  2070.0 0.4930599976 
1  2090.0 0.5150199890 
1  2110.0 0.5397999954 
1  2130.0 0.5674000168 
1  2150.0 0.5950000000 
1  2170.0 0.6036399841 
1  2190.0 0.6122800064 
1  2210.0 0.6061199951 
1  2230.0 0.5851599884 
1  2250.0 0.5641999817 
1  2270.0 0.5507600021 
1  2290.0 0.5373199844 
1  2310.0 0.5197800064 
1  2330.0 0.4981399918 
1  2350.0 0.4765000153 
1  2370.0 0.4888199997 
1  2390.0 0.5011399841 
1  2410.0 0.5127799988 
1  2430.0 0.5237400055 
1  2450.0 0.5347000122 
1  2470.0 0.5308599854 
1  2490.0 0.5270199966 
1  2510.0 0.5233399963 
1  2530.0 0.5198199844 
1  2550.0 0.5163000107 
1  2570.0 0.5100600052 
1  2590.0 0.5038199997 
1  2610.0 0.4919400024 
1  2630.0 0.4744200134 
1  2650.0 0.4568999863 
1  2670.0 0.4245000076 
1  2690.0 0.3920999908 
1  2710.0 0.3505199814 
1  2730.0 0.2997599983 
1  2750.0 0.2489999962 
1  2770.0 0.1927199936 
1  2790.0 0.1364400005 
1  2810.0 0.0935400009 
1  2830.0 0.0640199995 
1  2850.0 0.0345000005 
1  2870.0 0.0256999993 
1  2890.0 0.0169000006 
1  2910.0 0.0127199996 
1  2930.0 0.0131599998 
1  2950.0 0.0136000001 
1  2970.0 0.0155599999 
1  2990.0 0.0175199997 
1  3010.0 0.0000000000 
