1  5500.0 0.0 
1  5530.35 0.0254957 
1  5560.87 0.0585263 
1  5591.56 0.105173 
1  5622.42 0.198249 
1  5653.44 0.31801 
1  5684.65 0.508349 
1  5716.02 0.686245 
1  5747.56 0.852171 
1  5779.28 0.901307 
1  5811.17 0.935045 
1  5843.24 0.958136 
1  5875.49 0.981861 
1  5907.91 1.0 
1  5940.52 1.0 
1  5973.3 0.99767 
1  6006.27 0.993622 
1  6039.41 0.986329 
1  6072.74 0.977632 
1  6106.25 0.968375 
1  6139.95 0.959612 
1  6173.83 0.95128 
1  6207.91 0.942154 
1  6242.17 0.92982 
1  6276.61 0.918483 
1  6311.25 0.906274 
1  6346.08 0.891645 
1  6381.1 0.87756 
1  6416.32 0.862493 
1  6451.73 0.8461 
1  6487.33 0.827586 
1  6523.14 0.809895 
1  6559.13 0.792434 
1  6595.33 0.774335 
1  6631.73 0.752327 
1  6668.32 0.730373 
1  6705.13 0.708617 
1  6742.13 0.684197 
1  6779.33 0.66316 
1  6816.75 0.641615 
1  6854.37 0.618555 
1  6892.19 0.597372 
1  6930.23 0.575467 
1  6968.48 0.552915 
1  7006.93 0.529705 
1  7045.6 0.505728 
1  7084.48 0.483002 
1  7123.58 0.460797 
1  7162.89 0.439296 
1  7202.42 0.418742 
1  7242.17 0.398073 
1  7282.13 0.378578 
1  7322.32 0.358393 
1  7362.73 0.338144 
1  7403.36 0.319589 
1  7444.22 0.302427 
1  7485.3 0.28588 
1  7526.61 0.268292 
1  7568.15 0.251105 
1  7609.91 0.23563 
1  7651.91 0.221351 
1  7694.13 0.206995 
1  7736.6 0.193289 
1  7779.29 0.180798 
1  7822.22 0.168334 
1  7865.39 0.155999 
1  7908.8 0.145065 
1  7952.44 0.135267 
1  7996.33 0.122101 
1  8040.46 0.113717 
1  8084.83 0.104337 
1  8129.44 0.0956999 
1  8174.31 0.0881106 
1  8219.42 0.0808928 
1  8264.78 0.0733396 
1  8310.39 0.0651295 
1  8356.25 0.0571251 
1  8402.37 0.0505262 
1  8448.73 0.0412531 
1  8495.36 0.0301135 
1  8542.25 0.0205504 
1  8589.39 0.0111229 
1  8636.79 0.00532119 
1  8684.45 0.00124422 
