1 5404.6  0.0016     
1 5434.6  0.0048     
1 5464.0  0.0171     
1 5494.5  0.0515     
1 5523.9  0.1086     
1 5554.4  0.1844     
1 5583.8  0.2529     
1 5614.3  0.3184     
1 5643.7  0.3739     
1 5674.2  0.4225     
1 5703.6  0.4532     
1 5734.1  0.4704     
1 5763.5  0.4843     
1 5794.0  0.4979     
1 5854.0  0.5136     
1 5913.9  0.5216     
1 5973.5  0.5300     
1 6073.1  0.5360     
1 6172.9  0.5322     
1 6272.8  0.5447     
1 6372.6  0.5480     
1 6472.5  0.5431     
1 6532.4  0.5454     
1 6592.3  0.5431     
1 6622.8  0.5327     
1 6652.2  0.5091     
1 6682.7  0.4607     
1 6712.1  0.3888     
1 6742.6  0.2840     
1 6772.0  0.1887     
1 6802.5  0.1059     
1 6831.9  0.0597     
1 6862.5  0.0320     
1 6922.4  0.0112     
1 6981.7  0.0050
                     