1 6622.8  0.0010     
1 6652.5  0.0016     
1 6682.7  0.0035     
1 6712.1  0.0074     
1 6742.6  0.0177     
1 6772.0  0.0355     
1 6802.5  0.0713     
1 6831.9  0.1170     
1 6862.5  0.1819     
1 6891.9  0.2442     
1 6922.4  0.3114     
1 6951.8  0.3616     
1 6982.3  0.4053     
1 7011.7  0.4345     
1 7042.2  0.4559     
1 7071.6  0.4686     
1 7122.1  0.4812     
1 7171.4  0.4839     
1 7221.9  0.4804     
1 7371.1  0.4490     
1 7521.5  0.4299     
1 7620.8  0.4098     
1 7821.0  0.3670     
1 7970.3  0.3503     
1 8000.8  0.3474     
1 8030.2  0.3433     
1 8060.7  0.3389     
1 8090.1  0.3331     
1 8120.6  0.3222     
1 8150.0  0.2947     
1 8180.5  0.2336     
1 8209.9  0.1567     
1 8240.4  0.0830     
1 8269.8  0.0417     
1 8300.3  0.0206     
1 8329.7  0.0107     
1 8359.7  0.0063     
              