1 7773.2  0.0001     
1 7872.5  0.0002     
1 7972.9  0.0010     
1 8022.3  0.0024     
1 8072.8  0.0054     
1 8122.1  0.0110     
1 8172.6  0.0203     
1 8271.9  0.0469     
1 8322.4  0.0618     
1 8372.3  0.0752     
1 8422.2  0.0860     
1 8471.6  0.0929     
1 8571.5  0.0999     
1 8671.9  0.0966     
1 8771.2  0.0853     
1 8871.6  0.0732     
1 8970.9  0.0647     
1 9071.3  0.0580     
1 9170.6  0.0516     
1 9270.4  0.0460     
1 9570.0  0.0301     
1 9770.2  0.0188     
1 9969.4  0.0113     
1 9969.7  0.0113     
1 10169.6  0.0062     
1 10368.8  0.0026     
1 10569.1  0.0011     
1 10768.2  0.0005     
1 10967.9  0.0003     
                 