1 3767.0  0.0035     
1 3796.5  0.0038     
1 3827.0  0.0067     
1 3876.3  0.0320     
1 3926.8  0.0879     
1 3976.2  0.1557     
1 4026.1  0.2402     
1 4126.5  0.3300     
1 4176.4  0.3576     
1 4325.7  0.4021     
1 4476.0  0.4277     
1 4625.2  0.4477     
1 4775.6  0.4549     
1 4924.8  0.4617     
1 5075.1  0.4704     
1 5104.5  0.4708     
1 5135.0  0.4702     
1 5164.4  0.4667     
1 5194.9  0.4618     
1 5224.3  0.4546     
1 5254.8  0.4350     
1 5284.2  0.3886     
1 5314.5  0.2961     
1 5344.2  0.1872     
1 5374.1  0.1009     
1 5404.6  0.0525     
1 5434.0  0.0303     
1 5464.5  0.0177     
1 5493.9  0.0107     
1 5523.9  0.0063     
1 5573.8  0.0029
                     