1  3050.0 0.00000 
1  3059.77 0.00390977 
1  3069.58 0.00783252 
1  3079.42 0.0117672 
1  3089.29 0.0157151 
1  3099.19 0.0196751 
1  3109.12 0.0303980 
1  3119.09 0.0417582 
1  3129.08 0.0531530 
1  3139.11 0.0645861 
1  3149.17 0.0760559 
1  3159.26 0.0877459 
1  3169.39 0.0994917 
1  3179.55 0.111273 
1  3189.74 0.123095 
1  3199.96 0.134952 
1  3210.21 0.149096 
1  3220.5 0.163293 
1  3230.82 0.177537 
1  3241.18 0.191825 
1  3251.57 0.206443 
1  3261.99 0.222698 
1  3272.44 0.239008 
1  3282.93 0.255368 
1  3293.45 0.271785 
1  3304.0 0.290249 
1  3314.59 0.312064 
1  3325.22 0.333945 
1  3335.88 0.355903 
1  3346.57 0.377925 
1  3357.29 0.400746 
1  3368.05 0.423989 
1  3378.84 0.447302 
1  3389.67 0.470694 
1  3400.54 0.494150 
1  3411.43 0.517470 
1  3422.37 0.540865 
1  3433.34 0.564343 
1  3444.34 0.587884 
1  3455.38 0.611294 
1  3466.45 0.634547 
1  3477.56 0.657883 
1  3488.71 0.681281 
1  3499.89 0.704767 
1  3511.1 0.730541 
1  3522.36 0.756424 
1  3533.65 0.782385 
1  3544.97 0.808435 
1  3556.33 0.830131 
1  3567.73 0.848365 
1  3579.16 0.866661 
1  3590.64 0.885016 
1  3602.14 0.902527 
1  3613.69 0.916150 
1  3625.27 0.929815 
1  3636.89 0.943526 
1  3648.54 0.957281 
1  3660.24 0.965960 
1  3671.96 0.973936 
1  3683.73 0.981939 
1  3695.54 0.989968 
1  3707.38 0.994034 
1  3719.27 0.995697 
1  3731.18 0.997366 
1  3743.14 0.999040 
1  3755.14 0.997430 
1  3767.17 0.991413 
1  3779.25 0.985377 
1  3791.36 0.979320 
1  3803.51 0.966227 
1  3815.7 0.935751 
1  3827.93 0.905176 
1  3840.2 0.874509 
1  3852.5 0.839739 
1  3864.85 0.789114 
1  3877.24 0.738334 
1  3889.66 0.687374 
1  3902.13 0.634566 
1  3914.63 0.573292 
1  3927.18 0.511812 
1  3939.77 0.450146 
1  3952.39 0.391527 
1  3965.06 0.346683 
1  3977.77 0.301703 
1  3990.51 0.256578 
1  4003.3 0.216522 
1  4016.14 0.191373 
1  4029.01 0.166149 
1  4041.92 0.140838 
1  4054.87 0.118374 
1  4067.87 0.100702 
1  4080.91 0.0829672 
1  4093.98 0.0651819 
1  4107.11 0.0496103 
1  4120.27 0.0359222 
1  4133.47 0.0221905 
1  4146.72 0.00840945 
1  4160.01 0.00399902 
1  4173.34 0.00266592 
1  4186.72 0.00132827 
