1 4450  0.000    
1 4500  0.002    
1 4550  0.005    
1 4600  0.005    
1 4650  0.009    
1 4700  0.012    
1 4750  0.016    
1 4800  0.023    
1 4850  0.039    
1 4900  0.100    
1 4950  0.213    
1 5000  0.371    
1 5050  0.548    
1 5100  0.705    
1 5150  0.831    
1 5200  0.916    
1 5250  0.972    
1 5300  0.998    
1 5350  1.000    
1 5400  0.984    
1 5450  0.954    
1 5500  0.916    
1 5550  0.872    
1 5600  0.826    
1 5650  0.775    
1 5700  0.722    
1 5750  0.668    
1 5800  0.613    
1 5850  0.559    
1 5900  0.503    
1 5950  0.450    
1 6000  0.399    
1 6050  0.346    
1 6100  0.297    
1 6150  0.251    
1 6200  0.209    
1 6250  0.169    
1 6300  0.135    
1 6350  0.104    
1 6400  0.081    
1 6450  0.063    
1 6500  0.049    
1 6550  0.042    
1 6600  0.037    
1 6650  0.035    
1 6700  0.030    
1 6750  0.028    
1 6800  0.023    
1 6850  0.019    
1 6900  0.016    
1 6950  0.014    
1 7000  0.012    
1 7050  0.009    
1 7100  0.007    
1 7150  0.000    
